0.48265510531135525
0.4775011446886447
0.46386217948717956
0.4620106456043954
0.4419671474358975
0.44103708791208796
0.41756524725274735
0.42010073260073255
0.4204384157509158
0.413538804945055
0.4167239010989011
0.4091317536630037
0.40399496336996343
0.40600961538461544
0.3787059294871795
0.38687042124542126
0.38833276098901104
0.367373511904762
0.3811183608058607
0.368523923992674
0.3692593864468864
0.3594236492673991
0.35763793498168495
0.3800795558608058
0.3559523809523808
0.35736607142857135
0.3534111721611721
0.3495879120879122
0.35399782509157496
0.34654876373626364
