0.4892284798534797
0.4743990384615385
0.45608688186813173
0.4564932463369964
0.447564674908425
0.43578010531135536
0.4199461996336995
0.4218578296703297
0.39639709249084243
0.3881381639194139
0.395034913003663
0.3984174679487179
0.37467948717948707
0.3771949404761905
0.36889308608058613
0.3710021749084248
0.34894402472527464
0.3547161172161173
0.3517084478021977
0.36415407509157505
0.34481742216117217
0.34863782051282044
0.3473128434065934
0.3456959706959707
0.3425852793040294
0.34800251831501827
0.33974645146520144
0.33337625915750924
0.33258642399267413
0.339720695970696
