0.46845238095238106
0.46904761904761905
0.46761961996337
0.458090086996337
0.4516340430402931
0.45042067307692313
0.42506581959706957
0.4186670100732601
0.4262648809523808
0.4181118360805861
0.40074690934065926
0.40024610805860805
0.4092347756410256
0.40458733974358974
0.3800538003663003
0.39214457417582416
0.37677140567765577
0.3781994047619047
0.36467777014652014
0.36168727106227094
0.36647206959706957
0.3649038461538462
0.36386790293040294
0.35752918956043955
0.3614239926739927
0.358058608058608
0.3454956501831502
0.34631982600732614
0.3408539377289378
0.35432692307692304
