0.4908882783882784
0.5016741071428572
0.4791924221611722
0.45835050366300356
0.4397321428571429
0.4416924221611721
0.41827209249084263
0.4107343177655677
0.40686813186813175
0.3943996108058607
0.40351991758241756
0.3911486950549451
0.3923506181318681
0.3826293498168498
0.37151442307692295
0.37418154761904754
0.3606169871794872
0.37274210164835164
0.3548391712454213
0.3542439331501832
0.3588856456043955
0.3624112866300365
0.3497395833333332
0.32793326465201467
0.3456902472527472
0.33893086080586077
0.33555116758241754
0.3347527472527472
0.3388020833333335
0.33968921703296695
